100
51 41 D 2777
99 12 D 2945
87 51 S 9043
100 47 S 2337
69 60 T 8676
41 1 S 5833
37 88 S 651
42 81 T 3812
82 41 S 3411
24 15 T 2680
41 88 S 6877
74 93 D 8509
62 77 T 2301
83 93 D 2598
30 92 D 3111
75 79 T 8024
72 72 T 4871
28 87 D 1509
32 76 T 617
13 34 T 2396
12 81 S 1752
99 95 D 6897
18 74 S 3717
55 1 D 2390
78 96 S 7594
60 39 S 9296
68 9 T 5520
90 64 S 6638
10 49 D 6385
97 23 S 1275
88 31 D 3367
70 29 S 8012
17 23 S 9973
100 4 D 6604
39 98 S 1294
94 24 D 6971
39 43 D 2759
41 26 T 4056
14 15 D 8958
36 72 S 8650
40 57 T 816
49 34 D 2396
93 22 T 8841
45 73 T 6154
22 100 S 8440
49 31 T 2765
19 39 S 3913
5 38 T 6256
71 87 T 733
34 78 D 5774
54 82 S 1258
44 32 T 6434
39 64 S 933
83 49 T 331
90 83 T 3044
19 52 S 6804
68 65 T 4106
53 70 S 6754
58 84 S 2507
60 94 T 455
55 32 D 6596
68 99 D 1891
99 100 S 6912
20 81 T 9465
46 94 S 5199
68 31 T 3421
28 33 T 4317
89 45 D 4856
47 36 S 939
6 50 S 5045
64 57 S 6199
78 44 T 9942
14 41 D 7628
22 39 S 1915
14 25 S 2328
34 1 T 7097
20 5 D 2945
13 5 D 1035
98 81 T 6579
83 50 S 2011
45 99 S 2442
95 83 S 4399
52 99 D 322
16 65 D 4713
80 47 D 5783
76 49 S 3651
85 6 T 2365
52 13 T 3452
74 65 S 428
35 11 S 8025
60 76 T 9108
56 41 D 4728
99 94 T 6300
34 23 D 4896
19 100 T 4936
84 63 D 7817
56 50 S 7746
21 35 S 5294
12 100 D 3303
44 85 S 6411
