50
42 5 D 212
15 27 D 354
16 5 S 109
41 13 T 220
15 27 T 460
47 36 S 9
38 39 D 137
34 32 S 107
15 31 S 310
38 48 T 159
49 40 D 247
8 49 T 269
13 27 T 287
33 22 T 185
10 48 T 236
44 13 S 158
4 37 D 307
3 48 S 441
19 48 D 188
32 9 D 497
35 50 T 462
22 44 D 115
28 29 S 290
4 1 T 35
32 33 S 28
8 11 D 475
49 15 S 220
50 29 S 318
31 26 S 339
42 6 S 443
45 42 T 248
1 42 T 324
41 16 D 56
29 22 D 62
44 9 D 314
9 39 D 34
23 14 T 493
11 31 T 28
23 12 D 406
31 13 S 357
32 3 S 16
10 37 T 190
39 12 S 423
47 13 T 396
3 11 S 335
21 19 T 460
18 36 T 202
48 36 D 155
22 1 D 242
14 8 T 98
