1000
463 975 D 8913
970 525 S 76950
5 183 T 831
199 650 T 58698
507 559 T 22765
368 977 S 14017
483 809 T 33264
963 610 S 98594
874 650 T 14309
637 598 S 23983
346 891 D 55454
111 317 D 11689
853 608 S 99386
440 219 T 14698
12 529 T 78427
954 603 S 74636
694 720 S 15741
687 458 T 37286
671 672 D 7958
3 371 S 67473
247 402 T 12353
768 27 D 97673
604 602 D 76964
789 762 S 46729
98 468 S 18110
781 459 D 36913
181 802 D 22712
658 46 D 22846
501 541 D 64361
236 261 T 59303
543 129 D 44760
550 706 S 75529
943 209 S 72443
607 432 T 33208
450 89 S 56814
551 98 D 81597
221 708 T 75771
898 992 T 82086
930 460 S 87619
678 773 S 55925
598 456 D 23404
810 709 T 98741
681 778 S 13147
331 725 D 62589
825 604 S 1184
377 621 S 72177
235 929 S 84001
232 700 T 14160
200 830 T 5602
517 917 D 60232
536 800 D 20278
974 91 S 50507
896 877 S 78083
713 836 D 95486
908 411 S 21724
802 901 S 79259
503 365 S 3495
210 783 D 85805
162 769 S 55226
847 780 S 49309
518 600 D 82144
221 389 D 77110
496 189 D 14783
345 938 S 12336
694 498 S 56144
245 910 D 44047
480 570 S 42968
856 311 T 20707
102 9 S 27404
539 762 T 27613
830 633 S 93876
844 699 T 32631
654 806 T 80695
1000 423 S 98895
754 299 D 30768
621 689 S 42400
354 46 D 69145
665 143 T 3163
196 227 D 51302
425 949 T 73292
187 885 T 98601
247 231 T 46453
553 603 D 10771
176 822 S 56767
876 330 T 74497
878 209 S 39871
815 633 S 83782
312 544 D 90684
144 763 S 31278
445 613 S 15314
137 169 T 96581
778 820 S 24951
720 853 T 51916
269 420 S 92985
492 108 D 20972
518 555 T 86556
36 58 T 86568
16 459 T 17838
275 910 D 64230
25 950 T 90016
160 378 T 55164
23 294 T 97953
750 545 S 57819
677 369 D 72151
341 693 S 96433
645 167 S 99483
719 404 S 31730
106 171 D 88121
469 552 T 9832
188 999 S 41816
200 893 S 58629
475 462 T 8225
48 717 T 672
837 530 S 44587
380 177 T 75052
274 461 S 8029
940 263 D 94089
447 647 S 74532
214 795 T 20281
272 609 S 58782
569 211 T 54077
440 436 D 53172
815 7 D 8931
943 230 T 56103
751 472 T 64550
607 682 T 68278
99 23 D 89731
705 813 S 89699
619 105 S 34367
581 969 T 41495
8 446 S 46042
973 899 S 43468
638 336 D 48247
675 375 T 20374
570 51 D 20358
386 552 T 24552
628 244 T 46703
79 978 S 86837
468 512 T 27498
31 856 S 5592
29 721 D 43578
535 89 T 6156
300 958 T 27132
877 774 T 80588
76 585 S 90134
288 427 S 66144
176 480 S 77802
932 782 T 49624
274 328 T 4252
458 891 D 36084
40 424 T 10635
799 131 S 81712
927 889 T 10004
286 685 S 35331
158 39 T 79836
929 333 S 44311
556 88 S 13356
434 379 T 11862
580 65 T 27824
793 104 S 84794
316 888 D 85862
514 987 S 86399
582 607 T 74769
995 188 T 78211
573 741 D 35776
743 710 T 82372
838 34 D 53707
497 132 T 67544
167 352 D 1139
146 537 D 5017
360 827 S 3848
833 612 S 92544
928 535 S 66036
626 93 S 83715
805 757 T 4115
384 493 S 65262
343 97 D 24416
549 226 D 56201
613 325 D 10883
750 699 S 56758
649 409 S 7621
594 904 T 95906
293 282 T 34211
943 379 T 3997
707 723 D 42295
545 17 D 39249
424 366 S 33588
56 26 D 78345
617 117 D 80085
807 291 S 33888
444 897 S 94339
1000 200 S 58518
625 304 D 9172
702 918 D 94136
610 726 D 14264
752 689 S 19184
61 573 T 66896
915 674 T 331
297 218 D 84247
96 857 T 81375
931 530 S 34241
803 834 D 59733
867 774 T 65833
460 530 T 78913
227 442 D 21153
592 78 D 86832
622 150 T 49301
536 138 T 24781
736 99 S 11566
590 950 D 37997
727 35 S 68961
38 572 D 71877
820 529 T 6647
62 620 S 26976
209 932 D 86437
164 120 T 32951
467 19 T 15688
895 511 T 76790
137 379 S 83744
390 510 S 83038
401 322 T 12810
207 456 S 3263
606 762 T 51607
56 744 D 2603
881 223 S 57976
442 80 D 97696
669 716 S 39474
871 21 S 23785
340 32 T 99958
991 546 D 91026
727 191 D 8250
149 137 S 61405
360 711 T 95580
202 93 D 7359
89 67 D 56716
398 288 T 55874
672 65 D 75132
545 552 T 55832
383 56 T 85983
864 990 S 27232
763 185 D 34286
135 886 T 46979
849 855 S 37642
47 327 S 63771
51 291 T 97583
330 838 T 46047
270 139 T 55747
929 536 D 64438
715 796 D 72430
621 974 D 72649
433 316 T 43807
450 929 T 4435
947 176 T 49965
683 705 D 62920
824 625 S 31659
619 173 S 56126
805 191 D 39618
803 803 T 46866
596 703 T 12171
736 99 S 31849
78 946 T 50819
328 275 D 16935
361 427 S 19646
683 248 T 32253
739 483 D 60669
869 202 D 71640
546 341 T 56835
418 932 S 39658
737 749 D 44072
315 442 T 9994
86 114 S 42647
882 259 D 94826
76 870 S 60892
172 858 S 6672
803 490 S 53068
746 874 S 87370
522 629 D 16964
406 60 D 16090
9 137 D 275
968 811 T 32602
880 10 S 84358
889 406 T 64647
527 429 S 54740
55 405 D 29856
800 415 D 81154
664 772 S 92801
309 767 D 83543
681 736 D 29784
541 285 T 58259
299 351 S 59660
195 456 T 4277
788 325 D 71925
697 671 S 30999
980 902 S 95890
716 81 D 22708
647 597 S 47993
461 394 S 11401
557 212 S 64617
60 541 T 17332
926 607 S 17655
730 847 D 47497
185 61 S 34407
742 147 D 54682
394 815 D 42459
178 920 S 93811
881 407 S 23141
759 298 T 89185
949 842 D 8395
716 948 S 32776
272 843 T 13511
684 219 S 36716
477 672 T 53692
675 682 S 9534
919 367 S 58281
683 413 T 32478
911 426 D 84918
269 143 D 74533
877 693 T 77800
779 458 S 45518
88 816 T 69636
387 98 S 59893
979 291 D 32676
42 342 S 64780
878 624 S 5561
141 807 S 61001
114 512 S 71215
757 839 S 11701
376 571 S 20429
62 644 T 72952
413 790 S 21920
555 35 D 17620
346 259 T 60841
335 807 S 32777
287 269 D 62068
538 74 D 62690
56 190 D 5429
844 803 S 20458
6 193 D 54758
823 3 S 31425
815 512 S 56211
756 681 S 90149
587 896 D 15545
592 22 D 32324
563 838 T 58429
470 234 D 1652
658 687 D 30514
676 367 D 14907
87 54 T 96444
508 637 D 86391
732 845 D 29153
600 634 T 36556
795 818 S 16424
261 7 D 73623
220 860 S 90960
49 638 S 75716
5 841 D 64701
388 798 D 59942
156 242 T 23258
348 827 T 32279
257 476 S 97990
130 286 S 43600
17 39 D 87125
950 993 S 7775
589 180 S 53311
214 873 D 26178
257 708 D 84563
370 216 S 90895
404 15 T 43144
891 807 T 15136
704 580 S 46638
768 41 T 519
538 364 D 59304
131 687 S 37974
229 770 D 53234
825 233 D 22977
269 568 S 17737
811 655 T 97186
572 357 S 2594
491 38 S 18800
206 754 S 37585
636 603 S 51665
870 177 D 80709
971 41 D 47073
683 276 T 49569
523 524 S 6599
643 769 S 35972
37 592 S 71633
841 116 D 28059
180 597 S 54883
662 419 D 63137
365 469 S 79760
408 617 S 57377
197 285 S 64487
370 650 D 23830
718 877 T 85584
53 178 S 54325
504 690 T 78760
868 721 D 21374
706 457 S 68000
724 232 T 4358
808 762 S 45866
663 88 T 18143
853 516 S 6199
550 879 D 73657
955 313 T 83269
971 751 S 19716
532 101 D 72562
25 626 D 87641
77 591 D 24120
975 526 S 55943
560 752 T 8241
943 963 T 59206
21 825 D 90745
88 145 S 55416
602 627 S 4233
116 315 T 66811
808 589 D 49729
949 607 T 23283
549 549 T 96274
809 195 S 32318
564 771 D 22891
365 171 T 27468
109 952 S 78169
91 796 S 29135
530 231 S 24640
296 336 D 45034
606 40 T 41441
251 371 T 96491
133 393 S 95311
98 352 S 53602
89 268 D 95759
424 514 T 2062
597 341 S 18578
141 309 T 80438
708 248 S 56106
829 187 D 90664
594 170 S 72451
55 581 D 2870
683 177 S 68183
25 607 T 29445
951 781 D 29360
886 318 T 15009
803 580 T 78574
520 721 S 50810
973 666 S 86628
360 392 D 29383
407 868 T 79233
477 655 S 99745
372 625 T 42950
67 124 T 44281
122 151 T 46714
415 958 T 19831
653 830 S 30976
32 329 T 21349
664 141 T 16149
986 615 S 78285
206 727 S 85846
873 958 S 84017
329 486 D 43256
194 279 T 61248
283 1000 D 99564
130 328 T 57725
928 346 T 98417
178 759 D 75537
284 510 S 17080
217 174 D 91383
263 536 T 57044
25 271 D 55919
54 759 S 15118
895 2 S 93685
598 650 D 41525
918 229 T 65111
15 925 S 78360
437 767 T 99825
153 299 S 38254
726 379 T 90524
85 370 S 40997
212 313 T 89722
590 428 D 25202
339 60 D 25284
479 758 S 18327
403 647 T 57994
529 838 S 90959
416 4 D 54621
581 815 D 28865
291 848 S 61907
63 574 S 66844
6 37 S 26159
840 545 T 88146
844 584 T 65247
611 927 D 75272
927 567 T 82446
130 581 T 68244
353 782 T 95488
866 810 S 65766
23 322 D 54376
299 923 D 36009
507 771 T 98064
404 746 T 88106
696 62 S 51058
523 685 T 6067
229 536 T 40909
573 612 T 46700
971 395 D 45611
448 542 S 80839
27 655 S 84618
949 857 T 70600
617 561 T 70909
839 605 S 72281
870 819 T 70436
651 671 S 24285
417 49 D 77647
155 461 T 69446
991 317 D 36720
5 478 S 79480
1000 307 T 64266
522 214 T 62185
717 944 S 62018
736 215 S 55738
848 868 T 98343
646 597 T 3471
791 973 D 2461
416 755 D 86908
233 284 D 32859
849 803 T 49538
236 689 T 1387
879 33 D 11012
745 578 S 56596
756 489 T 96451
176 886 D 39974
741 806 S 89172
391 706 S 81636
229 298 S 6548
812 227 D 79164
983 45 T 69381
745 536 T 52770
159 396 T 50173
502 314 T 28155
689 695 D 71865
658 735 T 65097
309 705 D 8112
871 193 D 86746
209 715 D 17121
374 442 D 61607
932 233 D 75100
205 703 T 21841
592 937 D 70806
508 122 S 35295
59 535 D 44031
908 935 D 37136
888 728 S 72450
540 515 T 84084
754 534 S 57231
489 482 T 41707
457 590 S 76166
720 793 S 58848
260 606 S 25685
55 330 S 39454
498 638 T 68029
658 560 S 42806
427 868 S 25905
740 703 D 677
31 39 S 70277
748 656 D 21250
946 733 T 54604
774 504 D 60324
912 252 S 27640
183 748 S 20010
780 201 D 49343
320 397 T 69180
752 159 D 68009
229 614 D 29986
615 613 S 46335
133 911 D 69956
763 125 T 2626
960 61 S 54032
697 638 S 56816
266 718 T 75534
364 100 D 26337
542 204 T 16110
352 301 S 6183
186 890 S 38768
4 645 D 60252
20 140 S 65518
337 88 S 60348
679 308 D 76616
328 416 S 89596
348 775 D 86314
747 752 D 69972
514 858 S 51424
788 621 S 96242
213 517 S 6554
138 108 T 77130
786 455 D 76058
613 953 T 28738
317 987 S 4644
494 386 S 15872
577 211 S 41884
750 917 T 13246
4 225 S 9930
425 763 D 44835
17 936 T 60081
327 282 D 88078
606 285 D 71702
399 87 T 79794
850 982 T 96251
160 484 S 570
369 616 D 20759
399 14 S 91619
965 633 T 9044
514 110 D 77124
375 752 D 75521
209 429 S 75497
272 285 S 16226
999 888 S 68439
475 436 T 50644
197 577 D 6075
869 883 D 34889
793 721 T 55718
834 595 S 49882
368 97 S 32730
633 47 T 15310
846 455 T 16816
204 888 S 53256
707 619 S 94674
742 615 T 54339
151 52 S 51649
525 937 T 96201
30 248 S 64189
387 975 S 51955
898 141 T 49729
521 677 S 60616
955 564 T 13577
439 85 D 48777
684 901 D 57670
928 209 T 72422
827 607 S 91251
341 16 T 36543
721 51 D 11169
294 314 S 67309
213 283 D 28121
819 244 D 43552
395 112 D 59083
900 11 S 82112
573 267 T 245
75 436 D 80889
922 182 D 20355
984 692 T 23139
609 860 S 7984
389 735 T 13391
335 58 S 98435
467 94 D 12156
90 51 S 57571
856 56 T 70947
710 544 T 19672
801 854 S 40030
869 741 S 63812
861 23 D 11935
72 614 T 4347
645 146 T 29611
37 102 D 43963
373 164 T 76879
111 117 S 20222
511 84 D 78969
902 132 T 1105
860 563 T 6389
850 144 T 85116
559 509 T 94544
869 154 S 60573
925 676 D 33905
729 896 T 27365
435 163 D 32889
379 515 T 88589
105 751 D 58439
125 665 S 25039
925 246 T 78176
545 453 S 96174
3 25 D 83459
713 291 S 59907
623 354 D 4756
343 688 S 91032
385 135 T 16245
754 206 T 14751
248 249 S 96399
680 934 S 95298
699 515 T 9393
179 691 T 53034
143 309 T 11459
521 838 D 22674
126 120 S 96561
517 140 S 49850
619 428 T 27313
611 806 D 68886
187 934 D 66513
310 118 D 43634
29 650 T 67755
878 256 T 53757
112 907 S 93509
680 701 D 78003
991 353 D 31339
420 525 D 86604
442 997 S 65951
674 316 T 88365
826 70 S 37056
941 602 D 56377
632 798 S 14045
229 457 S 36916
161 425 D 71277
367 740 S 54195
762 653 S 21688
28 11 T 11943
891 439 S 64969
371 835 D 88488
211 475 S 68194
386 682 D 62362
627 273 D 50468
810 407 D 62014
507 258 D 58733
207 423 S 93995
665 869 T 76406
786 293 S 45352
310 926 S 92114
149 204 T 77865
449 972 S 4137
941 391 S 68031
640 270 T 98056
30 454 S 29020
27 158 T 45352
625 413 S 59378
615 585 T 51321
789 430 T 68740
599 742 T 4677
969 243 T 83249
393 336 D 94287
240 109 S 78904
99 751 D 78739
172 691 D 36014
914 376 S 71266
352 650 S 62353
16 258 T 29619
35 537 T 98995
807 128 D 4525
856 861 T 12188
563 214 S 17040
283 75 S 76839
201 734 S 69235
770 397 D 34156
776 47 D 71126
502 304 D 76761
363 974 D 94061
605 736 S 43976
23 232 T 790
253 533 T 46524
465 988 T 16981
800 475 D 31347
886 927 D 75474
395 124 D 60740
351 709 D 35775
60 948 D 64960
214 112 D 20459
627 71 D 27796
13 92 S 70799
862 299 D 33828
4 640 S 49213
689 419 D 48905
107 214 T 68491
28 524 S 57457
387 644 S 67260
238 784 S 80432
664 703 D 12560
832 589 D 10444
42 970 S 25044
935 457 D 26119
771 787 S 48179
872 309 D 96135
647 21 T 21729
352 557 T 97444
969 308 S 70104
906 28 T 18193
711 895 T 36501
874 464 T 54877
129 921 T 4295
21 257 D 92530
256 605 D 90393
203 211 T 67150
223 637 T 50267
170 15 T 19766
745 664 D 92531
524 468 S 23832
833 207 S 52795
50 520 D 66621
457 11 D 15741
465 862 T 10463
508 411 T 76120
897 547 T 29386
158 35 D 22486
124 638 S 97935
973 605 S 83698
88 414 S 7989
389 493 D 13392
765 649 T 21128
947 373 S 97507
861 760 D 74044
387 654 S 42073
192 709 D 55158
33 260 T 23300
344 568 T 32750
403 511 D 48027
373 746 T 32314
839 93 D 58679
623 766 D 92887
551 654 S 96092
251 975 S 58307
330 376 D 8966
613 192 D 63768
745 33 T 9710
884 408 D 24804
798 339 T 99864
187 740 T 77052
469 254 S 98963
755 15 D 93371
547 615 S 12592
965 239 D 72356
491 545 S 86744
425 112 T 44481
997 229 D 84093
624 510 S 3775
981 385 S 13461
105 262 S 96348
672 356 D 43229
801 588 D 39979
927 316 S 65266
432 497 T 54615
447 618 S 14886
900 986 S 92007
295 797 T 94817
558 596 S 92781
202 94 T 43908
657 289 T 51436
299 786 S 90543
661 115 S 77892
156 4 S 58537
167 614 D 61708
279 964 S 42949
422 756 S 77699
103 719 D 81991
577 959 D 64963
604 147 D 94156
529 748 S 92383
969 296 T 64883
183 589 D 3941
403 272 T 65383
156 655 D 26129
418 675 S 9733
861 132 S 19883
240 770 S 14700
525 133 D 67094
700 983 D 95248
725 101 T 37331
220 151 T 71247
313 149 D 45263
430 625 D 53382
60 626 T 97300
826 795 S 94628
973 920 S 55518
602 89 D 79177
943 402 S 58262
1000 675 D 80654
449 783 S 16348
228 479 D 56444
525 761 S 6714
298 181 T 78120
674 614 T 70579
745 434 S 32102
703 606 T 12381
591 284 T 64001
352 880 S 51325
393 581 S 11865
302 404 T 61645
564 771 T 65447
783 289 S 46258
752 339 D 93782
836 944 D 36208
530 286 S 58980
710 943 D 90040
415 654 S 99449
677 280 T 96412
320 983 T 13991
726 886 S 20020
534 897 T 90312
889 757 T 8597
677 273 D 59588
184 14 D 38589
805 417 S 56474
297 128 S 90897
882 496 S 96134
188 176 T 66074
93 386 T 43451
443 178 D 40318
723 939 D 63485
533 885 T 83618
475 974 T 24836
467 624 D 79767
441 351 D 94064
911 281 S 91061
918 478 T 38876
110 983 S 13670
645 91 T 45901
187 847 D 56534
798 714 S 41289
365 963 D 30972
722 151 T 35239
317 361 T 21845
724 786 S 36526
522 158 S 50986
936 691 S 58927
622 435 T 28903
404 960 S 78063
618 465 T 19956
801 122 T 49610
536 628 T 17688
252 437 T 86849
401 415 S 39597
207 696 D 74603
555 836 D 46551
580 485 S 50388
586 388 S 69759
692 208 D 83269
564 85 D 98496
341 570 T 42815
803 668 T 35923
350 561 S 54680
933 208 S 24954
960 819 D 7660
107 995 T 92641
97 40 S 58535
69 393 T 57427
375 20 D 51932
831 526 T 70106
411 333 S 37199
858 906 T 43078
738 847 T 26901
223 170 S 83661
150 669 D 4089
214 690 T 69911
432 507 D 42038
60 467 S 68735
822 343 D 12919
262 930 D 65098
591 393 S 52408
348 196 S 74323
156 11 D 46142
565 436 S 53563
340 72 D 54374
924 165 D 74130
231 345 D 35618
427 980 D 85933
608 293 S 17394
299 261 D 81386
680 503 D 27957
160 23 S 12652
532 885 S 84786
732 526 T 84859
541 753 T 64416
475 237 S 97563
503 190 D 54721
282 638 D 61573
650 504 T 65124
913 202 D 25401
255 315 D 18156
198 461 T 7521
528 657 S 20350
408 188 D 42020
795 136 D 78331
730 286 S 57047
981 774 S 71845
792 930 S 84423
614 167 D 6153
435 279 D 53240
570 334 S 43144
916 225 T 82268
208 540 S 61372
134 363 D 23617
676 308 S 1772
935 19 S 43172
967 92 T 54633
592 993 T 62980
966 112 T 78342
901 718 S 80673
254 235 T 47396
762 721 S 76892
217 654 D 81775
228 528 T 4053
260 310 T 63667
167 917 D 20564
278 85 T 1310
142 319 D 45018
952 559 D 1694
54 629 S 32557
704 260 S 57371
